years	T_21m_max	T_21m_min	T_21m_mean	cumulative_precip	cumulative_ppfd	cumulative_vpd	SWE_max	cumulative_NEE	growSeason_cum_NEE	
1998	10.14	-25.34	-3.9667	47	4.5331e+05	1048.9	71.12	918.07	NaN
1999	20.87	-20.94	2.3222	765.68	5.9289e+06	7689.5	373.38	-11381	-14214
2000	21.87	-17.86	2.6527	661.83	6.4733e+06	8635.5	317.5	-12980	-15720
2001	24.38	-21.73	2.8594	640.97	6.2428e+06	8515.5	248.92	-14098	-16612
2002	23.72	-25.35	2.2159	484.86	6.436e+06	8853.5	177.8	-10282	-12630
2003	23.63	-22.39	2.6582	612.94	6.0328e+06	8117.6	401.32	-11300	-14017
2004	21.78	-26.02	1.9356	820.22	6.0942e+06	6981.8	294.64	-10985	-14179
2005	23.88	-28.47	2.5563	673.46	6.6058e+06	8182.4	340.36	-10622	-13572
2006	23.24	-21.15	2.3591	641.14	6.318e+06	7928.2	325.12	-11769	-15336
2007	22.36	-25.16	2.6976	685.13	6.0447e+06	8029.4	454.66	-11741	-14711
2008	23.61	-23.14	1.4395	646.51	6.32e+06	7594.5	378.46	-12117	-14495
2009	22.09	-23.87	1.7075	584.8	6.1146e+06	7155	406.4	-11586	-14824
2010	22.31	-25.21	2.2927	652.17	6.2683e+06	7616.6	317.5	-11137	-13575
2011	21.7	-34.12	1.804	984.1	6.4442e+06	7465.4	431.8	-11863	-15704
2012	24.07	-19.92	3.3799	914.31	6.3507e+06	8950.3	279.4	-11779	-13882
2013	21.96	-23.63	1.7088	1054.1	6.024e+06	5957.6	424.18	-9017.5	-12495
